2.999999999999999889e-01 5.000000000000000000e-01 2.000000000000000111e-01
2.687999999999999279e-01 5.000000000000000000e-01 2.311999999999999611e-01
2.427435699703355543e-01 4.964930344886194780e-01 2.607633955410449955e-01
2.211025301650846320e-01 4.907731382813841359e-01 2.881243315535311211e-01
2.031721689417919086e-01 4.838363713355777751e-01 3.129914597226303163e-01
1.883183565507929313e-01 4.763971730681247907e-01 3.352844703810822780e-01
1.759954691019337547e-01 4.689367602485621234e-01 3.550677706495040664e-01
1.657470293480913515e-01 4.617587243815474696e-01 3.724942462703611512e-01
1.571976599851092615e-01 4.550391714290472067e-01 3.877631685858435318e-01
1.500417103984578171e-01 4.488668686859874635e-01 4.010914209155546084e-01
1.440315063883828295e-01 4.432731747654265475e-01 4.126953188461904842e-01
1.389666270321367747e-01 4.382533130609745919e-01 4.227800599068886056e-01
1.346847264576605530e-01 4.337809747450530051e-01 4.315342987972864419e-01
1.310539602426457895e-01 4.298180638347957050e-01 4.391279759225585888e-01
1.279668690678449905e-01 4.263210320063477443e-01 4.457120989258072097e-01
1.253355002014701347e-01 4.232448802193424786e-01 4.514196195791873589e-01
1.230875416995398791e-01 4.205455950157167555e-01 4.563668632847433515e-01
1.211632671055692806e-01 4.181815520901422945e-01 4.606551808042883556e-01
1.195131205403923563e-01 4.161142497113481942e-01 4.643726297482595466e-01
1.180958042463755714e-01 4.143086155118365088e-01 4.675955802417878782e-01
1.168767591340497403e-01 4.127330484463005433e-01 4.703901924196497997e-01
1.158269525846291059e-01 4.113593023750325428e-01 4.728137450403384623e-01
1.149219068145496681e-01 4.101622805885020151e-01 4.749158125969483168e-01
1.141409161073034528e-01 4.091197858334588155e-01 4.767392980592377039e-01
1.134664128802661959e-01 4.082122539922758420e-01 4.783213331274580038e-01
1.128834515574709957e-01 4.074224887510179971e-01 4.796940596915110211e-01
1.123792861441595542e-01 4.067354075073362774e-01 4.808853063485042378e-01
1.119430227184430859e-01 4.061378041680325790e-01 4.819191731135242796e-01
1.115653321434794121e-01 4.056181315330337211e-01 4.828165363234868668e-01
1.112382114505927749e-01 4.051663041003505938e-01 4.835954844490567006e-01
1.109547847727242187e-01 4.047735209839484205e-01 4.842716942433274996e-01
1.107091365886162943e-01 4.044321079658211859e-01 4.848587554455625614e-01
1.104961715005105816e-01 4.041353773401574201e-01 4.853684511593320261e-01
1.103114959099887327e-01 4.038775040416312523e-01 4.858110000483800706e-01
1.101513178523592096e-01 4.036534165087257708e-01 4.861952656389149641e-01
1.100123619562091148e-01 4.034587007683445581e-01 4.865289372754463271e-01
1.098917970543985129e-01 4.032895163080086331e-01 4.868186866375928679e-01
1.097871744186493942e-01 4.031425224058924894e-01 4.870703031754581303e-01
1.096963749470264704e-01 4.030148137033999767e-01 4.872888113495734697e-01
1.096175639212370184e-01 4.029038639214293505e-01 4.874785721573335895e-01
1.095491521835758181e-01 4.028074767347002982e-01 4.876433710817238421e-01
1.094897627729317924e-01 4.027237429254720280e-01 4.877864943015960963e-01
1.094382022144117922e-01 4.026510030370427651e-01 4.879107947485454289e-01
1.093934357847272665e-01 4.025878148379042343e-01 4.880187493773685548e-01
1.093545661809312425e-01 4.025329249892213856e-01 4.881125088298473025e-01
1.093208151076315027e-01 4.024852443816802627e-01 4.881939405106882068e-01
1.092915073707987211e-01 4.024438266731747982e-01 4.882646659560265223e-01
1.092660571273992159e-01 4.024078496168713159e-01 4.883260932557293987e-01
1.092439559914392261e-01 4.023765988205371125e-01 4.883794451880236198e-01
1.092247627403185317e-01 4.023494536232845586e-01 4.884257836363969374e-01
1.092080944020344530e-01 4.023258748156990361e-01 4.884660307822665248e-01
